-["Water Towers", color(255, 255, 140)]
[#nm:"WaterTowerMid", #sz:point(16,2), #specs:[-1,-1,-1,-1,-1,-1,1,1,1,1,1,1,1,1,1,1,1,1,1,1,1,1,1,1,1,1,-1,-1,-1,-1,-1,-1], #specs2:[1,1,1,1,1,1,1,1,1,1,1,1,1,1,1,1,1,1,1,1,1,1,1,1,1,1,1,1,1,1,1,1], #tp:"voxelStruct", #repeatL:[1,1,1,1,1,1,1,1,1,1,1,1,1,1,1,1,1,1,1,1], #bfTiles:0, #rnd:1, #ptPos:0, #tags:["notTrashProp"]]
[#nm:"WaterTowerTop", #sz:point(16,2), #specs:[-1,-1,-1,-1,-1,-1,-1,-1,-1,-1,-1,-1,-1,-1,0,-1,0,-1,-1,-1,-1,-1,-1,-1,-1,-1,-1,-1,-1,-1,-1,-1], #specs2:[-1,3,-1,1,-1,1,3,1,1,1,1,1,1,1,1,1,1,1,1,1,1,1,1,1,2,1,-1,1,-1,1,-1,2], #tp:"voxelStruct", #repeatL:[1,1,1,1,1,1,1,1,1,1,1,1,1,1,1,1,1,1,1,1], #bfTiles:0, #rnd:1, #ptPos:0, #tags:["notTrashProp"]]
[#nm:"WaterTowerPlatform", #sz:point(18,1), #specs:[-1,-1,-1,-1,1,1,1,1,1,1,1,1,1,1,-1,-1,-1,-1], #specs2:[-1,-1,1,1,1,1,1,1,1,1,1,1,1,1,1,1,-1,-1], #tp:"voxelStruct", #repeatL:[1,1,1,1,1,1,1,1,1,1,1,1,1,1,1,1,1,1,1,1], #bfTiles:0, #rnd:1, #ptPos:0, #tags:["notTrashProp"]]
[#nm:"WaterTowerFunnel", #sz:point(16,6), #specs:[-1,-1,-1,-1,-1,-1,-1,-1,-1,-1,-1,-1,-1,-1,-1,-1,-1,-1,1,-1,-1,-1,-1,-1,1,1,1,-1,-1,-1,1,1,1,1,1,-1,1,1,1,1,1,1,1,1,1,1,1,1,1,1,1,1,1,1,1,1,1,1,1,1,1,1,1,1,1,-1,1,1,1,-1,-1,-1,1,-1,-1,-1,-1,-1,-1,-1,-1,-1,-1,-1,-1,-1,-1,-1,-1,-1,-1,-1,-1,-1,-1,-1], #specs2:[1,-1,-1,-1,-1,-1,1,1,-1,-1,-1,-1,1,1,1,-1,-1,-1,1,1,1,1,-1,-1,1,1,1,1,1,-1,1,1,1,1,1,1,1,1,1,1,1,1,1,1,1,1,1,1,1,1,1,1,1,1,1,1,1,1,1,1,1,1,1,1,1,1,1,1,1,1,1,-1,1,1,1,1,-1,-1,1,1,1,-1,-1,-1,1,1,-1,-1,-1,-1,1,-1,-1,-1,-1,-1], #tp:"voxelStruct", #repeatL:[1,1,1,1,1,1,1,1,1,1,1,1,1,1,1,1,1,1,1,1], #bfTiles:0, #rnd:1, #ptPos:0, #tags:["notTrashProp"]]

[#nm:"WaterTowerBeamX", #sz:point(1,1), #specs:[1], #specs2:0, #tp:"voxelStruct", #repeatL:[1,9], #bfTiles:0, #rnd:1, #ptPos:0, #tags:["notTrashProp"]]
[#nm:"WaterTowerBeamHorizontal", #sz:point(1,1), #specs:[1], #specs2:0, #tp:"voxelStruct", #repeatL:[1,9], #bfTiles:0, #rnd:1, #ptPos:0, #tags:["notTrashProp"]]
[#nm:"WaterTowerBeamVertical", #sz:point(1,1), #specs:[1], #specs2:0, #tp:"voxelStruct", #repeatL:[1,9], #bfTiles:0, #rnd:1, #ptPos:0, #tags:["notTrashProp"]]
[#nm:"WaterTowerCrossSupport", #sz:point(8,12), #specs:[-1,-1,-1,-1,-1,-1,-1,-1,-1,-1,-1,-1,-1,-1,-1,-1,-1,-1,-1,-1,-1,-1,-1,-1,-1,-1,-1,-1,-1,-1,-1,-1,-1,-1,-1,-1,-1,-1,-1,-1,-1,0,0,-1,-1,-1,-1,-1,-1,-1,-1,-1,-1,0,0,-1,-1,-1,-1,-1,-1,-1,-1,-1,-1,-1,-1,-1,-1,-1,-1,-1,-1,-1,-1,-1,-1,-1,-1,-1,-1,-1,-1,-1,-1,-1,-1,-1,-1,-1,-1,-1,-1,-1,-1,-1], #specs2:0, #tp:"voxelStruct", #repeatL:[2,2,6], #bfTiles:0, #rnd:1, #ptPos:0, #tags:["notTrashProp"]]

[#nm:"WaterTowerBeamXBG", #sz:point(1,1), #specs:[0], #specs2:0, #tp:"voxelStruct", #repeatL:[5,1,4], #bfTiles:0, #rnd:1, #ptPos:0, #tags:["notTrashProp"]]
[#nm:"WaterTowerBeamHorizontalBG", #sz:point(1,1), #specs:[0], #specs2:0, #tp:"voxelStruct", #repeatL:[5,1,4], #bfTiles:0, #rnd:1, #ptPos:0, #tags:["notTrashProp"]]
[#nm:"WaterTowerBeamVerticalBG", #sz:point(1,1), #specs:[0], #specs2:0, #tp:"voxelStruct", #repeatL:[5,1,4], #bfTiles:0, #rnd:1, #ptPos:0, #tags:["notTrashProp"]]
[#nm:"WaterTowerCrossSupportBG", #sz:point(8,12), #specs:[-1,-1,-1,-1,-1,-1,-1,-1,-1,-1,-1,-1,-1,-1,-1,-1,-1,-1,-1,-1,-1,-1,-1,-1,-1,-1,-1,-1,-1,-1,-1,-1,-1,-1,-1,-1,-1,-1,-1,-1,-1,0,0,-1,-1,-1,-1,-1,-1,-1,-1,-1,-1,0,0,-1,-1,-1,-1,-1,-1,-1,-1,-1,-1,-1,-1,-1,-1,-1,-1,-1,-1,-1,-1,-1,-1,-1,-1,-1,-1,-1,-1,-1,-1,-1,-1,-1,-1,-1,-1,-1,-1,-1,-1,-1], #specs2:0, #tp:"voxelStruct", #repeatL:[5,1,4], #bfTiles:0, #rnd:1, #ptPos:0, #tags:["notTrashProp"]]

[#nm:"WaterTowerCrossSupportLeft", #sz:point(4,12), #specs:[-1,-1,-1,-1,-1,-1,-1,-1,-1,-1,-1,-1,-1,-1,-1,-1,-1,0,0,-1,-1,-1,-1,-1,-1,-1,-1,-1,-1,0,0,-1,-1,-1,-1,-1,-1,-1,-1,-1,-1,-1,-1,-1,-1,-1,-1,-1], #specs2:[-1,-1,-1,-1,-1,-1,-1,-1,-1,-1,-1,-1,-1,-1,-1,-1,-1,0,0,-1,-1,-1,-1,-1,-1,-1,-1,-1,-1,0,0,-1,-1,-1,-1,-1,-1,-1,-1,-1,-1,-1,-1,-1,-1,-1,-1,-1], #tp:"voxelStruct", #repeatL:[1,1,1,1,1,1,1,1,1,1,1,1,1,1,1,1,1,1,1,1], #bfTiles:0, #rnd:1, #ptPos:0, #tags:["notTrashProp"]]
[#nm:"WaterTowerCrossSupportRight", #sz:point(4,12), #specs:[-1,-1,-1,-1,-1,-1,-1,-1,-1,-1,-1,-1,-1,-1,-1,-1,-1,0,0,-1,-1,-1,-1,-1,-1,-1,-1,-1,-1,0,0,-1,-1,-1,-1,-1,-1,-1,-1,-1,-1,-1,-1,-1,-1,-1,-1,-1], #specs2:[-1,-1,-1,-1,-1,-1,-1,-1,-1,-1,-1,-1,-1,-1,-1,-1,-1,0,0,-1,-1,-1,-1,-1,-1,-1,-1,-1,-1,0,0,-1,-1,-1,-1,-1,-1,-1,-1,-1,-1,-1,-1,-1,-1,-1,-1,-1], #tp:"voxelStruct", #repeatL:[1,1,1,1,1,1,1,1,1,1,1,1,1,1,1,1,1,1,1,1], #bfTiles:0, #rnd:1, #ptPos:0, #tags:["notTrashProp"]]
