-["Extra Cooling Rods", color(55, 109, 63)]
[#nm:"Cooling Rod UD", #sz:point(4,8), #specs:[1,1,1,1,1,1,1,1,1,1,1,1,1,1,1,1,1,1,1,1,1,1,1,1,1,1,1,1,1,1,1,1], #specs2:0, #tp:"voxelStruct", #repeatL:[1,1,1,1,1,1,1,1,1,1], #bfTiles:1, #rnd:1, #ptPos:0, #tags:[]]
[#nm:"Cooling Rod Tip UD", #sz:point(4,8), #specs:[1,1,1,1,1,1,1,1,1,1,1,1,1,1,1,1,1,1,1,1,1,1,1,1,1,1,1,1,1,1,1,1], #specs2:0, #tp:"voxelStruct", #repeatL:[1,1,1,1,1,1,1,1,1,1], #bfTiles:1, #rnd:1, #ptPos:0, #tags:[]]
[#nm:"Cooling Rod Tip UD Flip", #sz:point(4,8), #specs:[1,1,1,1,1,1,1,1,1,1,1,1,1,1,1,1,1,1,1,1,1,1,1,1,1,1,1,1,1,1,1,1], #specs2:0, #tp:"voxelStruct", #repeatL:[1,1,1,1,1,1,1,1,1,1], #bfTiles:1, #rnd:1, #ptPos:0, #tags:[]]
[#nm:"Cooling Rod Tip UDL", #sz:point(6,8), #specs:[3,1,1,1,1,1,1,5,1,1,1,1,1,1,1,1,1,1,1,1,1,1,1,1,1,1,1,1,1,1,1,1,1,1,1,1,1,1,1,1,1,1,1,1,1,1,1,1], #specs2:0, #tp:"voxelStruct", #repeatL:[1,1,1,1,1,1,1,1,1,1], #bfTiles:1, #rnd:1, #ptPos:0, #tags:[]]
[#nm:"Cooling Rod Tip UDR", #sz:point(6,8), #specs:[1,1,1,1,1,1,1,1,1,1,1,1,1,1,1,1,1,1,1,1,1,1,1,1,1,1,1,1,1,1,1,1,1,1,1,1,1,1,1,1,2,1,1,1,1,1,1,4], #specs2:0, #tp:"voxelStruct", #repeatL:[1,1,1,1,1,1,1,1,1,1], #bfTiles:1, #rnd:1, #ptPos:0, #tags:[]]
[#nm:"Cooling Rod Full 4 L", #sz:point(18,8), #specs:[3,1,1,1,1,1,1,5,1,1,1,1,1,1,1,1,1,1,1,1,1,1,1,1,1,1,1,1,1,1,1,1,1,1,1,1,1,1,1,1,1,1,1,1,1,1,1,1,1,1,1,1,1,1,1,1,1,1,1,1,1,1,1,1,1,1,1,1,1,1,1,1,1,1,1,1,1,1,1,1,1,1,1,1,1,1,1,1,1,1,1,1,1,1,1,1,1,1,1,1,1,1,1,1,1,1,1,1,1,1,1,1,1,1,1,1,1,1,1,1,1,1,1,1,1,1,1,1,1,1,1,1,1,1,1,1,1,1,1,1,1,1,1,1], #specs2:0, #tp:"voxelStruct", #repeatL:[1,1,1,1,1,1,1,1,1,1], #bfTiles:1, #rnd:1, #ptPos:0, #tags:[]]
[#nm:"Cooling Rod Full 4 R", #sz:point(18,8), #specs:[1,1,1,1,1,1,1,1,1,1,1,1,1,1,1,1,1,1,1,1,1,1,1,1,1,1,1,1,1,1,1,1,1,1,1,1,1,1,1,1,1,1,1,1,1,1,1,1,1,1,1,1,1,1,1,1,1,1,1,1,1,1,1,1,1,1,1,1,1,1,1,1,1,1,1,1,1,1,1,1,1,1,1,1,1,1,1,1,1,1,1,1,1,1,1,1,1,1,1,1,1,1,1,1,1,1,1,1,1,1,1,1,1,1,1,1,1,1,1,1,1,1,1,1,1,1,1,1,1,1,1,1,1,1,1,1,2,1,1,1,1,1,1,4], #specs2:0, #tp:"voxelStruct", #repeatL:[1,1,1,1,1,1,1,1,1,1], #bfTiles:1, #rnd:1, #ptPos:0, #tags:[]]
[#nm:"Cooling Rod Full 4 LB", #sz:point(18,8), #specs:[3,1,1,1,1,1,1,5,1,1,1,1,1,1,1,1,1,1,1,1,1,1,1,1,1,1,1,1,1,1,1,1,1,1,1,1,1,1,1,1,1,1,1,1,1,1,1,1,1,1,1,1,1,1,1,1,1,1,1,1,1,1,1,1,1,1,1,1,1,1,1,1,1,1,1,1,1,1,1,1,1,1,1,1,1,1,1,1,1,1,1,1,1,1,1,1,1,1,1,1,1,1,1,1,1,1,1,1,1,1,1,1,1,1,1,1,1,1,1,1,1,1,1,1,1,1,1,1,1,1,1,1,1,1,1,1,1,1,1,1,1,1,1,1], #specs2:0, #tp:"voxelStruct", #repeatL:[1,1,1,1,1,1,1,1,1,1], #bfTiles:1, #rnd:1, #ptPos:0, #tags:[]]
[#nm:"Cooling Rod Full 4 RB", #sz:point(18,8), #specs:[1,1,1,1,1,1,1,1,1,1,1,1,1,1,1,1,1,1,1,1,1,1,1,1,1,1,1,1,1,1,1,1,1,1,1,1,1,1,1,1,1,1,1,1,1,1,1,1,1,1,1,1,1,1,1,1,1,1,1,1,1,1,1,1,1,1,1,1,1,1,1,1,1,1,1,1,1,1,1,1,1,1,1,1,1,1,1,1,1,1,1,1,1,1,1,1,1,1,1,1,1,1,1,1,1,1,1,1,1,1,1,1,1,1,1,1,1,1,1,1,1,1,1,1,1,1,1,1,1,1,1,1,1,1,1,1,2,1,1,1,1,1,1,4], #specs2:0, #tp:"voxelStruct", #repeatL:[1,1,1,1,1,1,1,1,1,1], #bfTiles:1, #rnd:1, #ptPos:0, #tags:[]]
