-["Extra Big Pipes", color(255, 126, 0)]
[#nm:"Scaffoldless Big Pipe LU", #sz:point(6,6), #specs:[-1,1,1,1,1,-1,1,1,1,1,4,-1,1,1,1,1,-1,-1,1,1,1,4,-1,-1,1,4,-1,-1,-1,-1,-1,-1,-1,-1,-1,-1], #specs2:[1,1,1,1,1,1,1,1,1,1,1,1,1,1,1,1,1,1,1,1,1,1,1,-1,1,1,1,1,-1,-1,1,1,1,-1,-1,-1], #tp:"voxelStruct", #repeatL:[1,1,1,1,1,1,1,1,1,1,1,1,1,1,1,1,3,1], #bfTiles:0, #rnd:1, #ptPos:0, #tags:[]]
[#nm:"Scaffoldless Big Pipe RU", #sz:point(6,6), #specs:[-1,-1,-1,-1,-1,-1,1,5,-1,-1,-1,-1,1,1,1,5,-1,-1,1,1,1,1,-1,-1,1,1,1,1,5,-1,-1,1,1,1,1,-1], #specs2:[1,1,1,-1,-1,-1,1,1,1,1,-1,-1,1,1,1,1,1,-1,1,1,1,1,1,1,1,1,1,1,1,1,1,1,1,1,1,1], #tp:"voxelStruct", #repeatL:[1,1,1,1,1,1,1,1,1,1,1,1,1,1,1,1,2,2], #bfTiles:0, #rnd:1, #ptPos:0, #tags:[]]
[#nm:"Scaffoldless Big Pipe RD", #sz:point(6,6), #specs:[-1,-1,-1,-1,-1,-1,-1,-1,-1,-1,3,1,-1,-1,3,1,1,1,-1,-1,1,1,1,1,-1,3,1,1,1,1,-1,1,1,1,1,-1], #specs2:[-1,-1,-1,1,1,1,-1,-1,1,1,1,1,-1,1,1,1,1,1,1,1,1,1,1,1,1,1,1,1,1,1,1,1,1,1,1,1], #tp:"voxelStruct", #repeatL:[1,1,1,1,1,1,1,1,1,1,1,1,1,1,1,1,2,2], #bfTiles:0, #rnd:1, #ptPos:0, #tags:[]]
[#nm:"Scaffoldless Big Pipe LD", #sz:point(6,6), #specs:[-1,1,1,1,1,-1,-1,2,1,1,1,1,-1,-1,1,1,1,1,-1,-1,2,1,1,1,-1,-1,-1,-1,2,1,-1,-1,-1,-1,-1,-1], #specs2:[1,1,1,1,1,1,1,1,1,1,1,1,1,1,1,1,1,1,-1,1,1,1,1,1,-1,-1,1,1,1,1,-1,-1,-1,1,1,1], #tp:"voxelStruct", #repeatL:[1,1,1,1,1,1,1,1,1,1,1,1,1,1,1,1,2,2], #bfTiles:0, #rnd:1, #ptPos:0, #tags:[]]
[#nm:"Big Pipe Tjunct E", #sz:point(6,6), #specs:[-1,1,1,1,1,-1,1,1,1,1,1,1,1,1,1,1,1,1,1,1,1,1,1,1,1,1,1,1,1,1,-1,-1,-1,-1,-1,-1], #specs2:[1,1,1,1,1,1,1,1,1,1,1,1,1,1,1,1,1,1,1,1,1,1,1,1,1,1,1,1,1,1,1,1,1,1,1,1], #tp:"voxelStruct", #repeatL:[1,1,1,1,1,1,1,1,1,1,1,1,1,1,1,1,2,2], #bfTiles:0, #rnd:1, #ptPos:0, #tags:[]]
[#nm:"Big Pipe Tjunct S", #sz:point(6,6), #specs:[-1,1,1,1,1,-1,1,1,1,1,1,-1,1,1,1,1,1,-1,1,1,1,1,1,-1,1,1,1,1,1,-1,-1,1,1,1,1,-1], #specs2:[1,1,1,1,1,1,1,1,1,1,1,1,1,1,1,1,1,1,1,1,1,1,1,1,1,1,1,1,1,1,1,1,1,1,1,1], #tp:"voxelStruct", #repeatL:[1,1,1,1,1,1,1,1,1,1,1,1,1,1,1,1,2,2], #bfTiles:0, #rnd:1, #ptPos:0, #tags:[]]
[#nm:"Big Pipe Tjunct W", #sz:point(6,6), #specs:[-1,-1,-1,-1,-1,-1,1,1,1,1,1,1,1,1,1,1,1,1,1,1,1,1,1,1,1,1,1,1,1,1,-1,1,1,1,1,-1], #specs2:[1,1,1,1,1,1,1,1,1,1,1,1,1,1,1,1,1,1,1,1,1,1,1,1,1,1,1,1,1,1,1,1,1,1,1,1], #tp:"voxelStruct", #repeatL:[1,1,1,1,1,1,1,1,1,1,1,1,1,1,1,2,2,1], #bfTiles:0, #rnd:1, #ptPos:0, #tags:[]]
[#nm:"Big Pipe Tjunct N", #sz:point(6,6), #specs:[-1,1,1,1,1,-1,-1,1,1,1,1,1,-1,1,1,1,1,1,-1,1,1,1,1,1,-1,1,1,1,1,1,-1,1,1,1,1,-1], #specs2:[1,1,1,1,1,1,1,1,1,1,1,1,1,1,1,1,1,1,1,1,1,1,1,1,1,1,1,1,1,1,1,1,1,1,1,1], #tp:"voxelStruct", #repeatL:[1,1,1,1,1,1,1,1,1,1,1,1,1,1,1,2,2,1], #bfTiles:0, #rnd:1, #ptPos:0, #tags:[]]
[#nm:"Big Pipe Xjunct", #sz:point(6,6), #specs:[-1,1,1,1,1,-1,1,1,1,1,1,1,1,1,1,1,1,1,1,1,1,1,1,1,1,1,1,1,1,1,-1,1,1,1,1,-1], #specs2:[1,1,1,1,1,1,1,1,1,1,1,1,1,1,1,1,1,1,1,1,1,1,1,1,1,1,1,1,1,1,1,1,1,1,1,1], #tp:"voxelStruct", #repeatL:[1,1,1,1,1,1,1,1,1,1,1,1,1,1,1,2,2,1], #bfTiles:0, #rnd:1, #ptPos:0, #tags:[]]
